WELLNAME=Testwell
STDEP  =  190.0000  
ENDEP  =  248.5000  
LEVEL  =  0.1250  
CURNAMES  CAL  DT  GR  LLD  LLS  MSFL  NPHI  RHOB  SP

#DEPTH    CAL      DT        GR        LLD      LLS      MSFL    NPHI    RHOB    SP    
193.0000  15.7910  96.4320  77.6300  12.9840  4.6120  2.0440  0.2010  2.3950  -12.0700  
193.1250  15.7210  100.4300  79.3210  9.6020  4.4910  1.8940  0.2000  2.3740  -11.6530  
193.2500  15.7380  102.4510  79.0350  9.6310  4.2890  1.9920  0.1980  2.3650  -10.0500  
193.3750  15.7010  103.3900  76.1620  9.4960  4.0920  2.2290  0.2030  2.3580  -9.0060  
193.5000  15.6130  103.3870  72.6110  8.4100  3.9570  1.7700  0.2160  2.3520  -8.8180  
193.6250  15.5330  102.8530  70.2530  7.4360  3.8670  1.5780  0.2340  2.3480  -8.7550  
193.7500  15.5390  103.0590  69.3300  9.8920  3.6780  1.9050  0.2550  2.3450  -6.8260  
193.8750  15.5330  103.3140  69.0110  9.3950  3.6870  1.7050  0.2580  2.3470  -6.3330  
194.0000  15.5360  103.4530  69.9920  9.0110  3.7710  1.6630  0.2620  2.3440  -6.7670  
194.1250  15.5360  103.6110  69.6520  10.3410  3.7960  1.6640  0.2620  2.3420  -6.0510  
194.2500  15.5330  103.8490  69.4150  11.0940  3.7990  1.5460  0.2640  2.3420  -4.7170  
194.3750  15.5390  104.1140  72.2370  8.1610  3.8870  1.7640  0.2760  2.3430  -4.5980  
194.5000  15.5390  104.0120  73.3130  9.1460  3.8520  1.8780  0.2680  2.3500  -4.3420  
194.6250  15.5560  103.7280  75.2520  9.2660  3.7390  2.3280  0.2670  2.3560  -3.8140  
194.7500  15.6010  103.4890  74.7430  8.7900  3.7000  2.0660  0.2570  2.3590  -3.5740  
194.8750  15.6240  103.4210  73.9560  9.5680  3.7260  1.8740  0.2530  2.3580  -3.2910  
195.0000  15.6120  103.6400  73.9280  10.9020  3.7520  1.8290  0.2560  2.3520  -2.7700  
195.1250  15.6250  104.2510  72.2540  7.8440  3.6800  1.9350  0.2490  2.3440  -2.3100  
195.2500  15.5990  104.3530  72.7670  9.0500  3.6300  1.8290  0.2560  2.3360  -2.0280  
195.3750  15.6140  104.6980  71.1770  7.8560  3.7130  1.8020  0.2550  2.3340  -2.0700  
195.5000  15.6290  104.1740  70.9800  7.7380  3.7550  1.7310  0.2560  2.3320  -1.9350  
195.6250  15.6330  103.0160  71.7950  8.9240  3.6840  1.8440  0.2550  2.3330  -1.7010  
195.7500  15.6300  102.1120  71.9790  9.5540  3.5380  2.1690  0.2410  2.3400  -1.6800  
195.8750  15.6110  102.0090  73.7210  6.4020  3.5450  2.0130  0.2340  2.3530  -1.8590  
196.0000  15.6270  102.8410  71.9120  9.5630  3.5540  1.6650  0.2400  2.3540  -1.8280  
196.1250  15.6550  103.1960  71.1790  8.6220  3.5610  1.8220  0.2450  2.3570  -2.1140  
196.2500  15.6780  102.9590  70.2750  8.1720  3.6820  2.4170  0.2500  2.3670  -2.3070  
196.3750  15.6880  101.3010  69.5110  10.7820  3.9360  3.9090  0.2520  2.3890  -2.4390  
196.5000  15.6880  96.7000  71.6930  13.7050  4.2030  5.2790  0.2450  2.4270  -3.1450  
196.6250  15.6880  95.2640  71.8470  10.0400  4.1480  7.1320  0.2530  2.4440  -2.8380  
196.7500  15.6880  96.7570  74.5100  9.8840  4.1290  2.7110  0.2550  2.4340  -2.6980  
196.8750  15.7030  98.4820  74.4670  10.7190  4.0390  1.7110  0.2530  2.4090  -2.8400  
197.0000  15.7240  101.2720  73.1210  9.6720  3.8620  1.6040  0.2540  2.3780  -2.7020  
197.1250  15.7260  105.4840  72.6900  6.5230  3.6710  1.5590  0.2610  2.3490  -2.0500  
197.2500  15.6750  105.3810  69.1530  9.8600  3.7120  1.5810  0.2630  2.3330  -2.5630  
197.3750  15.6360  104.9900  73.8480  10.8940  3.6300  1.7270  0.2640  2.3220  -2.5220  
197.5000  15.6430  105.2440  77.0840  8.8180  3.5280  1.5950  0.2580  2.3200  -2.4450  
197.6250  15.6270  105.7570  81.5210  7.9730  3.4760  1.4810  0.2510  2.3220  -2.2650  
197.7500  15.6170  105.5770  86.8750  8.7160  3.5060  1.5960  0.2500  2.3280  -2.2650  
197.8750  15.7240  103.5010  89.5440  7.4590  3.6080  1.7800  0.2600  2.3460  -2.9790  
198.0000  15.8140  99.5020  92.2610  6.4310  3.6870  3.1560  0.2570  2.3770  -3.6450  
198.1250  15.9250  96.3680  92.4710  9.9070  3.8160  4.9430  0.2670  2.4140  -3.7070  
198.2500  16.0410  94.8660  90.7760  9.7110  3.9160  4.9940  0.2770  2.4350  -4.3590  
198.3750  16.1400  95.1640  89.2500  8.8290  4.0560  3.3090  0.2800  2.4410  -5.4980  
198.5000  16.2290  96.8230  88.6980  10.9150  4.2360  2.3320  0.2770  2.4370  -6.5380  
198.6250  16.3700  98.5660  85.7250  12.9100  4.1850  2.8010  0.2680  2.4210  -6.7430  
198.7500  16.4490  99.2190  82.5540  9.2620  4.3630  3.5310  0.2700  2.4310  -7.4930  
198.8750  16.4690  98.8390  81.3670  8.1300  4.5870  4.3040  0.2810  2.4480  -8.4530  
199.0000  16.4420  98.5540  81.3960  10.2750  4.7260  4.3510  0.2960  2.4640  -9.1540  
199.1250  16.4460  99.0680  82.8580  12.8730  4.7280  4.3290  0.3110  2.4730  -9.6430  
199.2500  16.5670  100.5310  86.0790  11.9160  4.6270  3.5370  0.3200  2.4720  -10.3140  
199.3750  16.6180  102.2740  85.5660  12.5400  4.6350  3.8970  0.3300  2.4690  -11.0320  
199.5000  16.6250  103.4820  85.2770  11.3810  4.6530  4.1840  0.3260  2.4710  -11.5710  
199.6250  16.6170  102.5400  86.8900  9.9170  4.6270  4.0930  0.3210  2.4680  -12.2510  
199.7500  16.6040  101.2420  89.0610  9.3210  4.5730  3.9300  0.3170  2.4630  -12.7540  
199.8750  16.5960  100.8470  90.1820  9.9720  4.5520  3.5980  0.3130  2.4580  -12.9510  
200.0000  16.6090  100.1300  89.5660  10.9140  4.6740  2.6410  0.3100  2.4520  -13.3100  
200.1250  16.6220  100.8380  86.9140  11.6810  4.6580  3.4210  0.3040  2.4440  -14.2290  
200.2500  16.6150  101.9530  83.5740  9.8030  4.5940  3.6700  0.3060  2.4490  -14.1990  
200.3750  16.6160  101.9880  81.9430  8.7400  4.5520  3.8570  0.3080  2.4530  -13.9200  
200.5000  16.6210  100.9270  82.2190  9.4690  4.5720  4.1760  0.3090  2.4540  -14.1270  
200.6250  16.6050  99.7740  83.4960  10.6990  4.6600  4.2200  0.3120  2.4530  -15.0150  
200.7500  16.5660  99.9790  86.6740  7.9110  4.7670  3.7560  0.3060  2.4450  -14.1440  
200.8750  16.5050  96.2270  93.4870  11.3940  4.8320  3.1460  0.3100  2.4570  -14.0550  
201.0000  16.4760  95.7790  97.7600  10.0770  4.8560  3.4360  0.3030  2.4600  -14.6460  
201.1250  16.4390  98.2890  101.5010  7.0810  4.8270  3.7190  0.2940  2.4590  -14.8110  
201.2500  16.3880  101.6930  105.4450  7.4340  4.7450  2.2300  0.2890  2.4570  -14.4020  
201.3750  16.3740  103.4960  106.7210  14.6510  4.6200  1.9800  0.2820  2.4410  -14.8130  
201.5000  16.3490  103.2910  105.3370  10.1560  4.4880  1.9800  0.2920  2.4380  -15.5820  
201.6250  16.3330  103.2500  101.1590  7.5320  4.5020  2.6050  0.3030  2.4390  -15.4470  
201.7500  16.3210  102.0560  95.8410  9.9550  4.5550  4.7850  0.3120  2.4560  -15.4130  
201.8750  16.3130  100.6010  91.6360  12.6040  4.5860  3.6810  0.3210  2.4770  -15.7460  
202.0000  16.3180  100.6340  90.0550  9.9930  4.5510  3.9680  0.3300  2.4820  -16.1520  
202.1250  16.3560  103.2990  89.1320  8.0330  4.3560  4.5890  0.3260  2.4810  -15.5820  
202.2500  16.3360  105.0170  88.2570  9.2990  4.4720  4.2430  0.3310  2.4810  -15.8650  
202.3750  16.3280  103.6920  87.4570  8.1550  4.5460  2.9550  0.3310  2.4810  -16.6380  
202.5000  16.3220  101.8760  86.5640  7.6650  4.5820  3.1860  0.3260  2.4820  -16.4020  
202.6250  16.3130  101.0150  85.3610  9.3810  4.6630  4.6730  0.3170  2.4840  -15.4360  
202.7500  16.3120  100.4970  83.6960  11.7960  4.8930  4.9250  0.3040  2.4860  -15.9140  
202.8750  16.2990  97.8320  82.5680  9.6390  5.0290  5.0040  0.2760  2.4900  -16.7350  
203.0000  16.3180  97.5450  82.4600  11.6180  5.1520  4.9980  0.2620  2.4950  -16.4500  
203.1250  16.3280  97.8120  81.5630  11.2140  5.2040  5.0430  0.2670  2.5010  -16.2500  
203.2500  16.3280  97.8400  80.2250  10.0290  5.1910  5.0120  0.2790  2.5030  -16.3500  
203.3750  16.3260  97.3070  79.2790  11.5000  5.1470  4.9090  0.2860  2.4990  -16.6410  
203.5000  16.3130  96.1790  78.7150  16.0360  5.1140  5.1750  0.2900  2.5020  -17.1030  
203.6250  16.3130  96.3200  83.1280  11.1520  5.1070  5.7000  0.2650  2.5050  -17.3200  
203.7500  16.3130  95.3230  86.1400  11.4220  5.1800  5.4290  0.2510  2.5130  -17.0750  
203.8750  16.2990  94.5200  86.8390  11.7470  5.2190  5.7190  0.2450  2.5150  -17.5270  
204.0000  16.2930  94.5560  85.1460  9.5620  5.1920  6.1090  0.2450  2.5150  -18.1650  
204.1250  16.3270  95.2290  81.9830  6.5890  5.1510  5.4280  0.2460  2.5230  -17.3670  
204.2500  16.3140  96.6130  83.4180  12.1250  5.1170  5.0020  0.2660  2.5120  -17.4700  
204.3750  16.3020  98.6550  84.6780  10.4020  5.1100  4.7020  0.2840  2.4980  -17.8130  
204.5000  16.3130  100.5800  84.9290  11.4410  5.0660  4.4080  0.2980  2.4770  -17.6920  
204.6250  16.3280  101.5820  85.5210  12.1170  4.9890  4.4330  0.3040  2.4600  -17.5600  
204.7500  16.3200  101.7750  87.2750  9.1490  4.8990  4.7080  0.3010  2.4590  -17.7270  
204.8750  16.2820  103.1590  88.6590  6.3060  4.8200  4.5060  0.3070  2.4600  -17.5350  
205.0000  16.3060  101.8320  91.6990  10.4470  4.7950  4.3080  0.3050  2.4740  -17.8320  
205.1250  16.2830  99.5520  90.3730  10.7400  4.7860  4.6320  0.3120  2.4850  -17.9450  
205.2500  16.2790  98.0420  88.3210  8.2970  4.8500  6.1020  0.3050  2.4920  -17.6360  
205.3750  16.2970  97.3280  86.9660  7.2760  4.9490  5.6600  0.2940  2.4940  -17.3180  
205.5000  16.2970  96.3220  85.7950  11.4820  5.0150  4.8650  0.2980  2.4890  -17.6490  
205.6250  16.2970  94.5790  83.7960  12.0520  5.2040  4.6950  0.2860  2.4810  -18.1870  
205.7500  16.2060  100.8040  82.7480  9.7690  5.3070  4.8510  0.2830  2.4780  -17.3450  
205.8750  16.2140  100.3910  85.2620  11.9480  5.3810  4.7350  0.2750  2.4720  -17.3740  
206.0000  16.2390  97.6350  88.7420  12.4640  5.4510  4.6240  0.2660  2.4640  -17.5960  
206.1250  16.2070  96.7690  90.9420  9.0240  5.4850  4.9490  0.2650  2.4540  -17.2990  
206.2500  16.1560  95.7740  92.0460  9.6470  5.3710  5.1260  0.2790  2.4450  -16.6910  
206.3750  16.1560  99.5160  89.3800  11.6360  4.7940  4.6470  0.2980  2.4510  -17.2550  
206.5000  16.1660  104.6300  87.4000  7.8130  4.3740  3.8820  0.3270  2.4450  -16.7290  
206.6250  16.1720  110.3770  86.4500  8.2120  4.0470  2.2180  0.3570  2.4170  -16.6080  
206.7500  16.1670  112.8560  85.9820  10.5240  3.8180  2.1820  0.3780  2.3760  -16.8570  
206.8750  16.1580  109.0430  85.8040  8.7140  3.7250  1.0540  0.3840  2.3420  -16.8130  
207.0000  16.1710  106.4800  89.5970  10.4980  3.8040  1.8090  0.3680  2.3380  -16.8130  
207.1250  16.2070  107.3700  92.1770  10.2210  3.9040  3.3130  0.3350  2.3780  -17.1390  
207.2500  16.4580  104.9160  93.4690  8.5960  3.9610  3.1150  0.3150  2.4080  -17.2150  
207.3750  16.8950  104.6370  92.4960  8.7160  4.0330  2.4930  0.3110  2.4090  -17.5020  
207.5000  17.1030  109.2830  90.0660  9.4330  4.0830  2.4940  0.3220  2.3870  -17.8830  
207.6250  16.3570  115.6830  89.1130  4.7200  3.9510  1.4600  0.3380  2.3630  -17.4500  
207.7500  16.2930  117.4260  88.7540  8.1030  3.9410  1.7470  0.3440  2.3570  -17.8080  
207.8750  16.3230  112.4070  90.6910  10.9220  4.0200  1.7000  0.3420  2.3850  -18.2920  
208.0000  16.6560  107.4310  90.2230  9.1420  4.0690  3.4350  0.3320  2.4160  -18.1950  
208.1250  16.8830  103.1500  89.0920  8.1620  4.1020  4.3010  0.3180  2.4440  -17.9140  
208.2500  16.6280  98.4220  89.7750  12.5840  4.1640  4.4300  0.3060  2.4710  -18.0800  
208.3750  16.4490  94.7310  88.3400  11.7460  4.2170  4.1830  0.3000  2.4900  -18.5930  
208.5000  16.6180  98.0560  92.3830  6.6840  4.1710  4.2530  0.3020  2.4910  -18.3250  
208.6250  16.6070  100.7450  94.7300  9.8890  4.1770  3.8430  0.3110  2.4880  -18.3820  
208.7500  16.5690  101.4140  96.7030  11.9500  4.2370  2.7450  0.3250  2.4780  -18.6120  
208.8750  16.5890  101.0370  97.2320  9.4770  4.3460  3.8360  0.3380  2.4700  -18.8540  
209.0000  16.6220  101.7880  93.1250  7.2800  4.4970  4.3900  0.3440  2.4750  -19.0530  
209.1250  16.5710  98.3020  92.1000  10.3150  4.6040  4.4600  0.3430  2.4850  -19.1560  
209.2500  16.6060  95.8520  91.6790  9.7150  4.7200  4.6640  0.3370  2.4990  -19.1290  
209.3750  16.5770  95.0000  92.6790  7.5480  4.8040  4.7230  0.3290  2.5080  -19.5160  
209.5000  16.5620  94.6690  94.9070  7.7560  4.8330  4.7260  0.3220  2.5140  -19.8240  
209.6250  16.6180  93.9430  96.9950  11.1910  4.8310  4.6000  0.3170  2.5170  -19.6470  
209.7500  16.5790  93.6360  95.6110  9.8430  4.9130  4.7410  0.3110  2.5220  -19.5960  
209.8750  16.5780  94.6140  97.8870  9.2750  4.9180  4.8120  0.3200  2.5180  -19.7300  
210.0000  16.6070  95.2570  95.3660  9.8470  4.9440  4.5210  0.3150  2.5160  -20.0710  
210.1250  16.5980  95.4730  92.9160  9.8050  4.9520  4.4670  0.3130  2.5060  -19.9760  
210.2500  16.5470  95.5160  91.9030  10.3930  4.9600  4.5730  0.3130  2.4950  -19.5390  
210.3750  16.4990  95.6690  90.5880  13.9720  5.0280  4.7570  0.3030  2.4980  -19.4110  
210.5000  16.4860  94.7460  89.4610  12.8840  5.1500  5.0000  0.2990  2.4960  -19.8210  
210.6250  16.4730  93.9120  89.9800  14.8250  5.2430  5.2450  0.2930  2.4990  -19.6970  
210.7500  16.4440  92.9590  91.0160  13.3980  5.3170  5.5380  0.2930  2.5010  -19.4920  
210.8750  16.4270  92.6400  91.7760  12.3220  5.3930  5.5120  0.2960  2.5020  -19.5740  
211.0000  16.4400  93.3850  92.4250  13.7670  5.4800  5.2570  0.2980  2.5070  -19.9270  
211.1250  16.4530  94.6150  94.7310  12.6850  5.5590  5.2620  0.2980  2.5130  -19.8750  
211.2500  16.4280  94.3200  93.9870  10.2970  5.5600  5.1010  0.2960  2.5080  -19.7220  
211.3750  16.4020  95.0820  95.1590  12.9190  5.5180  4.7130  0.3100  2.5110  -20.0840  
211.5000  16.4260  95.0800  94.8020  14.4130  5.4750  4.5060  0.3170  2.5120  -20.2840  
211.6250  16.4600  94.5860  93.2490  13.2170  5.4030  4.2110  0.3240  2.5100  -20.1810  
211.7500  16.4350  94.9250  92.6850  11.2770  5.2400  3.9870  0.3440  2.5020  -20.0180  
211.8750  16.4090  95.8990  92.1210  12.6550  4.9500  3.9760  0.3370  2.4800  -20.1710  
212.0000  16.3950  102.7970  88.1130  9.7060  4.7970  3.0260  0.3330  2.4270  -20.0960  
212.1250  16.4080  107.1580  85.9590  9.8530  4.6660  1.1270  0.3370  2.3710  -19.9580  
212.2500  16.3870  106.7880  84.1080  10.4330  4.6410  1.3090  0.3430  2.3350  -19.8050  
212.3750  16.3190  102.5500  82.8190  10.0740  4.7530  2.2170  0.3470  2.3400  -19.6750  
212.5000  16.2800  97.9080  86.2150  11.5460  4.9280  3.6420  0.3460  2.3950  -19.6240  
212.6250  16.2160  86.5790  87.6500  10.6990  5.1550  7.0260  0.2900  2.4700  -19.5730  
212.7500  16.2540  81.8110  89.8650  11.6220  5.4010  8.1330  0.2590  2.5220  -19.7270  
212.8750  16.2890  81.1550  89.2380  11.1790  5.7010  6.8040  0.2350  2.5440  -19.8130  
213.0000  16.3110  82.3200  87.3820  11.6810  5.9940  6.2510  0.2200  2.5460  -19.6830  
213.1250  16.3460  83.7980  87.0820  15.1060  6.2010  7.1750  0.2180  2.5430  -19.3970  
213.2500  16.3580  86.7710  85.9030  12.1850  6.3300  7.8070  0.2170  2.5350  -19.5510  
213.3750  16.3710  90.3130  87.6110  13.5890  6.4680  5.6430  0.2290  2.5310  -19.6570  
213.5000  16.3750  91.6640  87.7540  14.4300  6.4550  5.5160  0.2400  2.5190  -19.1820  
213.6250  16.3870  93.2670  88.5810  12.6630  6.3280  5.4740  0.2490  2.5090  -18.8870  
213.7500  16.3990  95.5790  90.7070  10.4870  6.1390  5.1710  0.2570  2.5050  -18.9590  
213.8750  16.3770  96.3720  92.1130  13.5430  5.9240  4.7360  0.2660  2.5070  -18.8030  
214.0000  16.4150  97.6530  91.8570  13.1010  5.6200  4.6320  0.2890  2.5030  -18.5980  
214.1250  16.4110  99.6560  91.3880  8.9620  5.3660  4.5520  0.3040  2.5000  -18.2660  
214.2500  16.3910  100.1880  92.4030  8.9980  5.1760  4.3540  0.3200  2.4930  -17.8450  
214.3750  16.3800  99.4370  92.7680  10.6060  5.0740  4.4730  0.3260  2.4860  -17.6220  
214.5000  16.3930  98.1700  90.8940  9.8590  5.0710  4.6130  0.3120  2.4830  -17.7590  
214.6250  16.4060  96.2220  90.6380  10.0570  5.1330  5.0040  0.3000  2.4840  -17.8100  
214.7500  16.3450  92.4230  85.1690  10.0370  5.3400  6.2400  0.2630  2.4970  -17.1300  
214.8750  16.3470  89.2010  83.4380  10.6530  5.6210  6.7690  0.2350  2.5050  -17.0500  
215.0000  16.3400  86.3070  81.6330  11.8870  5.9810  7.5140  0.2150  2.5180  -17.2300  
215.1250  16.2970  83.4720  78.9370  13.3000  6.4060  7.9540  0.2000  2.5330  -17.1800  
215.2500  16.2510  80.6010  77.7240  14.4120  6.8590  8.1520  0.1880  2.5420  -16.5850  
215.3750  16.2640  77.7310  77.3650  17.3690  7.3030  11.1090  0.1800  2.5510  -16.8930  
215.5000  16.2000  77.5310  76.2610  15.3050  7.3580  10.3890  0.1680  2.5480  -16.3680  
215.6250  16.1310  78.6670  75.9750  12.7080  7.0350  9.5750  0.1610  2.5330  -16.1580  
215.7500  16.0620  81.7150  75.0800  12.3060  6.5220  5.9310  0.1650  2.5040  -15.8890  
215.8750  15.9760  86.6370  72.9210  13.6660  6.0080  3.5570  0.1810  2.4600  -15.2120  
216.0000  15.8540  91.1490  72.2040  10.7040  5.5530  3.1380  0.1980  2.4200  -14.6990  
216.1250  15.8450  95.1590  73.2400  11.6990  5.4630  2.7980  0.2120  2.4060  -14.3370  
216.2500  15.8290  95.3480  73.1500  11.8980  5.5820  3.0870  0.2050  2.4100  -13.5890  
216.3750  15.8030  95.0130  71.9980  10.7970  5.7890  3.9850  0.1950  2.4210  -13.1880  
216.5000  15.7530  95.0070  70.8130  10.3170  5.9670  4.1550  0.1890  2.4310  -13.1050  
216.6250  15.6710  94.1750  70.9260  12.9370  6.0080  4.0100  0.1890  2.4390  -12.8230  
216.7500  15.6650  90.9450  72.0540  14.9460  5.7380  3.6100  0.1990  2.4420  -12.3110  
216.8750  15.6360  91.9180  76.9320  10.3440  5.2740  3.1470  0.1990  2.4330  -11.8830  
217.0000  15.6290  94.8480  78.3090  9.4300  4.8460  2.8590  0.2030  2.4150  -11.2670  
217.1250  15.6210  98.3740  77.5970  9.4750  4.4860  2.2520  0.2120  2.3890  -10.9130  
217.2500  15.6040  101.6200  75.5650  8.0630  4.1920  2.0020  0.2240  2.3610  -10.8660  
217.3750  15.6170  104.3780  69.1810  7.5970  3.9730  1.7520  0.2340  2.3420  -10.3060  
217.5000  15.6560  104.9930  67.7970  8.5300  3.9700  1.8910  0.2380  2.3320  -10.5110  
217.6250  15.6790  100.0510  67.7420  7.8380  4.1140  1.9420  0.2360  2.3380  -10.4340  
217.7500  15.6950  94.3470  72.0560  8.8620  4.3280  2.7100  0.2340  2.3610  -10.5670  
217.8750  15.7570  89.3980  78.1560  10.7080  4.6180  5.7010  0.2310  2.4000  -10.9570  
218.0000  15.9120  84.9160  81.6370  10.7850  5.0110  6.6120  0.2270  2.4530  -11.4120  
218.1250  16.0790  81.3280  83.6880  9.4660  5.4500  7.5580  0.2250  2.5110  -11.8220  
218.2500  16.2800  83.5160  80.9400  11.2470  5.7700  6.5640  0.2270  2.5440  -12.5060  
218.3750  16.4140  85.8600  80.0790  12.4130  6.0410  6.3730  0.2360  2.5590  -13.5040  
218.5000  16.4750  87.6750  81.0800  11.9000  6.2590  5.9240  0.2450  2.5600  -14.0740  
218.6250  16.4880  88.9170  82.6800  11.1650  6.3950  5.4040  0.2520  2.5530  -14.2570  
218.7500  16.4990  89.5970  83.3010  13.8720  6.4140  5.6010  0.2620  2.5470  -15.1450  
218.8750  16.4740  90.6730  80.9950  12.4930  6.3770  5.4710  0.2630  2.5330  -15.7600  
219.0000  16.4790  91.2080  80.4380  11.3720  6.2980  4.8440  0.2670  2.5180  -15.9170  
219.1250  16.4770  91.5880  80.0100  12.0930  6.2190  5.0520  0.2690  2.5090  -16.3330  
219.2500  16.4690  92.1390  80.2200  12.8640  6.1660  5.1020  0.2680  2.5060  -16.9040  
219.3750  16.4690  92.8670  81.6180  11.9210  6.1560  5.2360  0.2670  2.5050  -17.2420  
219.5000  16.4690  92.8160  81.9770  12.3040  6.1940  5.6610  0.2610  2.5020  -17.1910  
219.6250  16.4690  92.0930  81.4240  11.6810  6.1900  5.7200  0.2480  2.4950  -17.5710  
219.7500  16.4960  91.0670  79.9640  11.7750  6.2360  5.7120  0.2400  2.4930  -17.6140  
219.8750  16.5030  90.6530  79.8790  12.7860  6.2760  5.6490  0.2420  2.4930  -17.7920  
220.0000  16.4840  90.7470  81.6190  13.7450  6.3050  5.1020  0.2530  2.4950  -18.1540  
220.1250  16.4840  90.3580  83.6390  13.1160  6.3650  5.0890  0.2650  2.5020  -18.2500  
220.2500  16.4710  91.1270  85.9980  14.5910  6.3630  5.1210  0.2700  2.5080  -18.2500  
220.3750  16.4690  90.6040  86.3750  12.5830  6.5670  5.2720  0.2700  2.5130  -18.5080  
220.5000  16.4450  87.7990  87.1710  13.3690  6.7190  6.0060  0.2620  2.5220  -18.9750  
220.6250  16.4270  85.6010  88.4110  15.0170  6.7570  8.8380  0.2450  2.5360  -19.1480  
220.7500  16.4380  86.0910  89.3190  14.2210  6.7030  9.3110  0.2250  2.5530  -18.8870  
220.8750  16.4380  86.2440  89.0110  10.8430  6.6140  5.2840  0.2160  2.5620  -19.2970  
221.0000  16.4620  87.7310  90.1850  12.1490  6.4780  5.3090  0.2290  2.5570  -19.5590  
221.1250  16.5350  90.2610  90.8430  12.3760  6.3910  5.4670  0.2530  2.5500  -19.7010  
221.2500  16.5510  90.6570  89.6910  11.6690  6.4180  6.0210  0.2660  2.5480  -19.6360  
221.3750  16.5200  88.7490  86.9040  11.3500  6.5480  7.1460  0.2640  2.5500  -19.5470  
221.5000  16.5360  86.9060  83.8140  12.8180  6.7150  7.3150  0.2550  2.5550  -19.7480  
221.6250  16.5870  87.2650  81.6610  12.9390  6.8360  7.3110  0.2430  2.5470  -19.9010  
221.7500  16.5940  88.0240  83.4200  12.7150  6.8370  5.7830  0.2410  2.5370  -19.6550  
221.8750  16.5940  88.6450  84.4820  12.8410  6.7570  5.9410  0.2540  2.5320  -19.4470  
222.0000  16.5990  89.1350  84.9070  12.8450  6.6790  6.1140  0.2650  2.5310  -19.6180  
222.1250  16.6090  89.1560  84.9900  12.6000  6.6630  6.3370  0.2620  2.5340  -20.0350  
222.2500  16.6090  87.5160  83.4520  13.1270  6.7030  6.9010  0.2510  2.5380  -19.7530  
222.3750  16.6090  86.3830  82.3710  13.7960  6.7970  7.4350  0.2190  2.5450  -19.2930  
222.5000  16.5900  85.5720  81.0970  12.6390  6.9480  8.1000  0.2030  2.5550  -19.7410  
222.6250  16.5990  84.1750  80.1890  11.6660  7.1000  6.7330  0.1970  2.5620  -20.1470  
222.7500  16.6160  83.1480  79.5570  12.5050  7.2290  7.9320  0.1950  2.5650  -20.2160  
222.8750  16.5970  83.6890  78.8580  15.5000  7.3440  8.1680  0.1950  2.5650  -20.1480  
223.0000  16.6220  82.0480  78.7040  16.1840  7.4760  7.7890  0.1960  2.5650  -20.3530  
223.1250  16.6250  82.4250  78.9630  13.1950  7.5660  9.2280  0.1980  2.5610  -20.2830  
223.2500  16.6340  84.8750  81.0010  14.9200  7.4980  7.9330  0.2100  2.5550  -20.2850  
223.3750  16.6350  87.4590  83.5670  15.3180  7.3530  6.5560  0.2270  2.5500  -20.2190  
223.5000  16.6280  89.5870  85.7720  12.0210  7.1730  5.8830  0.2450  2.5450  -19.9900  
223.6250  16.6410  93.0840  87.9500  11.5380  6.9010  5.4530  0.2630  2.5320  -19.6900  
223.7500  16.6410  94.3140  88.6680  16.3780  6.7260  5.3770  0.2630  2.5230  -19.8440  
223.8750  16.6410  94.6850  86.3160  13.9290  6.6420  5.3850  0.2630  2.5130  -19.7520  
224.0000  16.6330  94.5720  84.2870  11.7430  6.5660  5.3780  0.2630  2.5120  -19.4800  
224.1250  16.6250  94.7260  84.0720  12.2230  6.4440  5.2710  0.2680  2.5170  -19.3420  
224.2500  16.6230  95.6560  86.2020  14.0600  6.2640  5.2510  0.2800  2.5220  -19.5840  
224.3750  16.6100  96.3230  91.6360  11.8580  6.1140  4.9040  0.2940  2.5210  -19.7380  
224.5000  16.6210  97.0360  91.4480  9.6750  5.9190  4.7700  0.3020  2.5130  -19.4190  
224.6250  16.6250  97.6820  89.7740  10.7450  5.7830  4.9910  0.3100  2.5080  -19.2400  
224.7500  16.6000  97.5790  87.6230  11.0680  5.7040  4.9800  0.3120  2.5040  -19.2370  
224.8750  16.5630  96.7480  85.8110  9.8010  5.7040  5.1160  0.3070  2.5010  -19.1770  
225.0000  16.5590  95.9850  85.1110  10.5320  5.8370  5.1080  0.3030  2.5010  -18.6850  
225.1250  16.4820  94.2420  84.8040  13.2800  5.9250  5.2460  0.2820  2.5030  -18.6340  
225.2500  16.4690  91.9490  86.0200  11.2370  6.1270  5.7780  0.2660  2.5160  -18.8790  
225.3750  16.4380  88.3270  86.4700  11.3990  6.3280  7.3400  0.2500  2.5310  -18.8760  
225.5000  16.3810  84.8710  87.2060  12.4660  6.5070  8.4880  0.2370  2.5470  -18.5710  
225.6250  16.3260  83.3620  88.5650  12.1140  6.6560  8.8440  0.2290  2.5620  -18.1530  
225.7500  16.3130  84.0280  85.2330  14.0110  6.7070  6.9280  0.2360  2.5650  -17.9480  
225.8750  16.3490  86.1050  87.5430  13.8440  6.7540  6.1950  0.2500  2.5580  -17.9860  
226.0000  16.3310  88.7070  86.1930  12.1210  6.7630  5.6240  0.2630  2.5470  -17.8130  
226.1250  16.3130  89.7220  84.7340  12.5110  6.9330  6.0800  0.2620  2.5410  -17.5830  
226.2500  16.2980  87.6530  84.5500  15.2810  7.2430  7.8530  0.2420  2.5400  -17.3330  
226.3750  16.2430  82.3380  84.2680  17.2570  7.4460  8.7430  0.2130  2.5440  -17.0180  
226.5000  16.1400  79.2110  83.6530  14.1480  7.2340  13.1580  0.1890  2.5440  -17.2750  
226.6250  16.0210  78.6190  81.4640  16.5020  6.9980  7.0660  0.1800  2.5220  -16.9630  
226.7500  15.9160  82.4600  78.9060  14.3660  6.6870  3.4570  0.1850  2.4870  -16.5850  
226.8750  15.8700  88.5690  76.8650  11.7010  6.3080  3.0450  0.2000  2.4500  -16.2050  
227.0000  15.8830  93.7580  76.1750  12.3880  5.9790  2.6050  0.2140  2.4230  -15.8750  
227.1250  15.8450  95.3980  77.7130  11.6440  6.0070  2.8570  0.2160  2.4100  -15.8750  
227.2500  15.7500  95.3370  75.2990  11.0920  5.8610  3.2280  0.2200  2.4150  -15.0250  
227.3750  15.7070  95.6620  76.1620  10.7990  5.5730  3.6600  0.2220  2.4120  -14.3860  
227.5000  15.6920  96.2060  77.8340  9.7580  5.2610  2.9270  0.2240  2.4030  -14.2080  
227.6250  15.7080  97.3760  80.4280  8.9210  5.0320  1.9640  0.2250  2.3870  -14.0840  
227.7500  15.7680  99.3420  84.8580  9.9450  4.9460  1.8660  0.2230  2.3670  -13.4430  
227.8750  15.7940  97.7530  83.4220  10.0060  4.8920  2.2760  0.2340  2.3640  -13.4940  
228.0000  15.8360  96.7960  81.7610  8.4540  5.0000  4.6550  0.2460  2.3870  -13.1840  
228.1250  15.9320  94.8740  81.5600  9.1750  5.2240  4.3260  0.2570  2.4220  -13.1300  
228.2500  16.0000  93.2280  83.3910  10.7960  5.3640  3.8730  0.2650  2.4510  -13.2100  
228.3750  16.0000  93.2970  86.3590  10.8840  5.3130  4.4560  0.2670  2.4610  -13.2840  
228.5000  16.0000  95.7500  87.6840  7.3090  5.1840  4.0390  0.2730  2.4540  -13.4370  
228.6250  16.0000  95.7500  86.5560  10.7400  5.2150  2.8570  0.2740  2.4340  -13.3280  
228.7500  16.0000  95.3480  85.4280  10.6990  4.9940  2.8690  0.2710  2.4220  -13.5060  
228.8750  16.0000  95.1830  84.3870  9.2970  4.8030  3.7740  0.2650  2.4150  -13.5590  
229.0000  16.0000  95.2850  83.5730  8.7500  4.7770  2.4740  0.2620  2.4110  -13.3680  
229.1250  16.0030  95.3880  83.3840  10.1770  4.9120  2.3190  0.2680  2.4080  -13.0480  
229.2500  16.0290  95.4900  85.4350  9.9310  4.9990  4.1120  0.2670  2.4170  -12.9970  
229.3750  16.1360  96.8950  86.5090  11.6190  5.1550  4.7890  0.2690  2.4330  -13.2190  
229.5000  16.2420  96.8810  84.6610  10.3670  5.2390  4.4400  0.2700  2.4510  -13.0150  
229.6250  16.2430  96.9810  80.7650  9.6060  5.1520  3.3550  0.2710  2.4520  -12.7250  
229.7500  16.1560  98.2360  77.2900  10.4490  4.9080  1.9210  0.2750  2.4260  -12.6330  
229.8750  16.1560  100.1750  77.7790  9.5320  4.6590  1.6960  0.2850  2.3800  -12.7090  
230.0000  16.1560  101.8150  80.8040  6.9020  4.5920  1.7270  0.2800  2.3520  -12.1460  
230.1250  16.1460  100.8780  81.2920  9.5810  4.7110  1.7320  0.2750  2.3510  -11.7480  
230.2500  16.1410  97.8220  81.6140  10.8200  4.9600  3.5340  0.2610  2.3770  -11.8710  
230.3750  16.1450  94.5240  82.0960  9.9860  5.2420  6.5730  0.2470  2.4190  -12.2300  
230.5000  16.1500  92.2610  82.4780  9.2690  5.4420  6.3760  0.2470  2.4600  -12.3910  
230.6250  16.1120  88.2630  83.5540  11.3060  5.4340  5.2040  0.2630  2.4840  -12.3390  
230.7500  16.0610  90.2030  82.9540  10.6290  5.3590  3.9030  0.2740  2.4630  -12.5930  
230.8750  16.0290  92.7080  80.1840  10.6380  5.2790  2.5460  0.2730  2.4400  -12.5990  
231.0000  16.0160  94.8900  79.3410  9.6880  5.2450  4.0240  0.2570  2.4240  -12.5470  
231.1250  16.0370  94.9680  80.9060  8.5780  5.3730  2.8270  0.2340  2.4210  -12.6440  
231.2500  16.1130  90.6270  81.4760  10.5800  5.7990  2.7550  0.2180  2.4320  -12.9770  
231.3750  16.1770  87.3970  82.1420  13.3690  6.1890  6.0340  0.2010  2.4590  -12.9770  
231.5000  16.2950  85.5000  82.2500  12.5080  6.5590  8.2420  0.1930  2.4930  -13.5730  
231.6250  16.3910  82.5260  81.6790  13.3220  6.9580  7.9270  0.1860  2.5270  -14.0660  
231.7500  16.4530  81.4600  82.5190  14.4960  7.1460  7.6530  0.1930  2.5500  -14.5040  
231.8750  16.4960  84.6600  85.0320  13.8110  7.0050  6.3790  0.2180  2.5540  -15.0670  
232.0000  16.5600  88.6590  83.1350  12.1900  6.9380  5.3210  0.2350  2.5390  -15.6570  
232.1250  16.6120  89.8970  83.7530  13.6860  6.8620  5.2400  0.2610  2.5330  -15.8770  
232.2500  16.5960  89.4260  83.9380  14.1380  6.8060  5.9740  0.2530  2.5360  -16.0390  
232.3750  16.5980  87.8110  84.6880  13.3880  6.8130  7.9370  0.2370  2.5500  -16.1900  
232.5000  16.6250  85.3000  84.9090  12.5980  6.8710  8.3730  0.2220  2.5690  -16.4370  
232.6250  16.6250  82.2590  82.4800  13.4480  6.9290  8.3480  0.2050  2.5810  -16.8590  
232.7500  16.6250  82.3610  81.5060  15.0260  6.9430  7.3390  0.2230  2.5810  -16.8590  
232.8750  16.6030  85.2590  79.2450  12.8380  6.8350  6.3300  0.2370  2.5700  -16.9480  
233.0000  16.6190  88.9890  81.0920  11.8580  6.6860  5.5750  0.2560  2.5540  -16.9430  
233.1250  16.6350  92.0380  83.7190  12.5360  6.5230  5.2080  0.2680  2.5360  -17.0810  
233.2500  16.6250  93.6490  85.3720  13.4410  6.3670  5.1940  0.2700  2.5220  -17.2940  
233.3750  16.6250  94.3670  91.3700  11.7610  6.2450  5.3080  0.2750  2.5160  -16.7560  
233.5000  16.6000  94.2740  92.0460  10.3670  6.2040  5.3540  0.2780  2.5110  -16.5980  
233.6250  16.6040  93.8950  93.9230  11.8930  6.1530  5.2060  0.2850  2.5090  -16.8390  
233.7500  16.6160  93.5180  92.2010  11.8930  6.0730  5.0710  0.2900  2.5080  -16.8870  
233.8750  16.6170  93.7370  88.5020  10.5330  5.9820  5.0220  0.2950  2.5100  -16.7500  
234.0000  16.5950  94.7430  87.2250  10.6010  5.9070  5.0530  0.2990  2.5170  -16.7790  
234.1250  16.6080  93.5640  84.7640  12.3650  5.8300  5.2640  0.2940  2.5210  -17.0350  
234.2500  16.6090  93.1630  86.6050  12.8400  5.7870  5.2200  0.3030  2.5260  -17.1430  
234.3750  16.6090  93.1660  86.3390  12.2660  5.8510  5.1410  0.3080  2.5260  -17.2750  
234.5000  16.5920  91.4100  85.1740  12.0360  5.9890  5.2480  0.3060  2.5260  -17.4290  
234.6250  16.5440  87.9870  84.4200  12.3560  6.1590  5.7240  0.2930  2.5320  -17.4260  
234.7500  16.4700  86.6380  83.6050  11.4450  6.3410  8.5100  0.2640  2.5400  -16.9230  
234.8750  16.5210  87.4580  86.2710  11.7150  6.4720  6.1330  0.2440  2.5470  -16.9740  
235.0000  16.5310  85.7870  89.5080  12.4860  6.5900  5.5530  0.2370  2.5480  -17.0250  
235.1250  16.5240  86.2630  91.8260  12.4120  6.5560  6.6500  0.2380  2.5480  -16.8620  
235.2500  16.5060  89.0510  92.0230  11.9130  6.4220  7.3420  0.2430  2.5480  -16.7660  
235.3750  16.4860  92.0460  89.9540  12.0220  6.3010  4.7860  0.2540  2.5480  -16.9810  
235.5000  16.4990  93.2760  88.7240  12.7220  6.1600  4.5720  0.2820  2.5400  -16.6220  
235.6250  16.4650  94.6010  86.9740  11.5670  5.9330  4.6490  0.3130  2.5310  -16.4760  
235.7500  16.4440  95.5390  87.5510  11.0710  5.8290  4.9040  0.3240  2.5200  -16.5720  
235.8750  16.4000  96.0610  88.6710  11.1780  5.8280  4.9730  0.3250  2.5130  -16.4250  
236.0000  16.3340  95.5100  89.2460  11.5200  5.9030  4.4920  0.3230  2.5110  -15.9530  
236.1250  16.2940  92.7620  89.6500  11.7500  6.0510  5.2940  0.3150  2.5120  -15.6030  
236.2500  16.2170  91.5830  88.7780  11.9150  6.3520  6.5870  0.3000  2.5100  -15.4490  
236.3750  16.1710  87.9120  84.1060  15.0690  6.7660  6.6130  0.2730  2.5160  -15.3740  
236.5000  16.1330  83.8940  82.1550  14.6180  6.9930  7.1230  0.2340  2.5210  -14.9180  
236.6250  16.0750  82.0730  81.0510  12.5540  6.9520  8.9330  0.2000  2.5170  -14.2170  
236.7500  15.9870  83.6280  78.5710  12.6660  6.6930  6.2020  0.1820  2.4990  -13.6550  
236.8750  15.9100  85.5250  80.8780  14.4180  6.3860  3.0980  0.1700  2.4670  -13.6490  
237.0000  15.8580  87.9560  77.6980  10.7990  6.0110  2.8140  0.1750  2.4230  -12.7260  
237.1250  15.8200  90.6030  77.2350  9.7980  5.8510  2.3490  0.1830  2.3910  -11.9340  
237.2500  15.8080  91.9900  76.0760  11.3860  5.9370  2.3700  0.1890  2.3760  -11.3300  
237.3750  15.7900  92.1810  74.4600  12.9130  6.0710  2.5050  0.1920  2.3780  -10.8640  
237.5000  15.7190  92.6920  75.9660  10.9700  5.9290  2.6240  0.1980  2.3890  -10.4690  
237.6250  15.7190  94.5380  76.3760  12.0860  5.6950  3.0610  0.2050  2.3930  -10.3670  
237.7500  15.6970  95.7720  79.5790  10.1470  5.4430  2.1670  0.2170  2.3890  -9.3860  
237.8750  15.6960  96.6730  79.9330  9.6830  5.1560  2.0950  0.2280  2.3830  -8.8720  
238.0000  15.7060  97.5270  79.5920  9.8810  4.9030  2.8500  0.2350  2.3840  -8.8210  
238.1250  15.7340  97.8860  80.8690  9.4580  4.7730  3.2780  0.2400  2.3980  -8.8770  
238.2500  15.8560  95.6820  81.4840  9.4750  4.8380  4.8410  0.2460  2.4300  -8.7680  
238.3750  15.9970  94.3260  82.6490  9.7170  4.8910  5.1920  0.2670  2.4520  -8.7090  
238.5000  16.1090  94.1550  83.6340  9.5330  4.9660  5.7290  0.2750  2.4720  -8.7290  
238.6250  16.1840  94.1950  83.0460  10.1940  5.0740  5.4210  0.2800  2.4820  -8.9110  
238.7500  16.2390  93.9300  81.8310  11.1020  5.2000  5.1120  0.2820  2.4770  -9.1780  
238.8750  16.2930  93.3850  81.8880  10.6980  5.3060  4.8290  0.2730  2.4600  -9.3510  
239.0000  16.2550  93.4880  80.0930  10.3100  5.3380  4.8700  0.2740  2.4490  -9.3450  
239.1250  16.2500  93.1400  82.2610  11.4150  5.2720  4.7560  0.2750  2.4470  -9.4060  
239.2500  16.2500  92.1890  84.2690  11.3350  5.1700  4.7170  0.2820  2.4580  -9.6790  
239.3750  16.2220  90.6430  84.5560  10.6820  5.1130  5.2930  0.2930  2.4750  -9.7750  
239.5000  16.1690  88.8530  83.4710  10.4140  5.1740  5.4090  0.3040  2.4920  -9.5800  
239.6250  16.1560  87.6240  83.6230  10.8340  5.4020  5.5710  0.3030  2.5060  -9.6250  
239.7500  16.0920  87.0600  82.2390  12.6310  5.6040  5.9750  0.3020  2.5050  -9.6960  
239.8750  16.0280  88.2610  80.9750  12.3470  5.7470  6.4070  0.2890  2.4900  -9.5050  
240.0000  15.9490  90.7030  77.8390  11.5530  5.6920  3.6720  0.2760  2.4660  -9.0590  
240.1250  15.8550  93.6220  74.8480  11.5170  5.4140  2.5530  0.2630  2.4370  -8.6190  
240.2500  15.7690  96.4600  75.3150  12.2970  4.9770  2.2020  0.2520  2.4060  -8.3490  
240.3750  15.7940  100.1510  78.3390  9.3630  4.5100  1.7060  0.2710  2.3770  -7.2660  
240.5000  15.7270  102.4500  78.8570  8.3370  4.1910  1.6660  0.2710  2.3600  -6.6070  
240.6250  15.7080  104.0400  75.6650  8.5500  3.9190  1.6020  0.2790  2.3490  -6.0250  
240.7500  15.6960  105.1330  73.1730  8.0220  3.7110  1.5330  0.2800  2.3420  -5.4560  
240.8750  15.6770  106.0300  73.6820  6.7530  3.5800  1.3790  0.2740  2.3330  -4.9830  
241.0000  15.6960  107.0930  75.4900  7.4210  3.5160  1.3120  0.2870  2.3200  -4.7910  
241.1250  15.7150  105.9650  79.4880  7.3220  3.5530  1.2750  0.2900  2.3210  -4.1760  
241.2500  15.7450  103.6750  79.9180  7.1420  3.7050  1.4970  0.2930  2.3300  -4.3910  
241.3750  15.8410  100.6280  81.5050  7.7330  3.8980  2.8990  0.2940  2.3610  -4.9520  
241.5000  15.9890  97.1300  84.9540  8.6600  4.1490  4.7360  0.2960  2.4040  -5.4650  
241.6250  16.1640  93.7350  88.9520  9.0250  4.4660  5.0420  0.3000  2.4500  -5.8120  
241.7500  16.4200  91.9920  91.5150  8.2740  4.6880  5.1320  0.3000  2.5050  -6.6840  
241.8750  16.5330  93.0230  92.1660  10.3920  4.8440  4.8350  0.3090  2.5270  -7.7940  
242.0000  16.5810  92.6430  91.9470  10.8600  4.9640  4.6810  0.3110  2.5320  -8.7760  
242.1250  16.5940  92.4290  90.7750  10.8000  5.0180  4.9800  0.3090  2.5300  -9.6480  
242.2500  16.6010  93.6370  89.2680  10.9490  5.0340  5.7410  0.3070  2.5230  -10.3970  
242.3750  16.6240  96.3130  88.6900  11.0080  5.0990  4.6960  0.3010  2.5120  -10.9580  
242.5000  16.6110  97.4410  88.7420  10.0630  5.2220  4.7840  0.2980  2.5000  -11.4640  
242.6250  16.5990  97.4530  89.0930  11.0670  5.3150  5.1450  0.2900  2.4900  -12.0190  
242.7500  16.6020  96.9320  87.1610  11.9110  5.4120  5.4060  0.2770  2.4880  -12.0440  
242.8750  16.6090  96.1730  83.7770  11.8550  5.4470  5.1910  0.2690  2.4930  -12.1220  
243.0000  16.6050  95.5000  81.3310  11.0060  5.3520  4.7480  0.2730  2.5020  -12.7190  
243.1250  16.5790  95.5000  83.1760  10.4250  5.1410  4.6430  0.2900  2.5100  -13.0270  
243.2500  16.6030  98.6000  87.4330  10.7890  4.9380  4.5550  0.3140  2.5090  -13.3770  
243.3750  16.6000  100.1970  91.4480  10.2160  4.8290  4.2290  0.3300  2.5010  -13.6970  
243.5000  16.5870  100.7140  92.2970  9.5010  4.7940  4.2910  0.3420  2.4920  -14.0010  
243.6250  16.5900  100.9360  90.4730  9.1860  4.7910  4.2690  0.3520  2.4810  -14.9180  
243.7500  16.6240  101.4660  89.1480  9.4050  4.7700  4.1260  0.3650  2.4690  -17.0870  
243.8750  16.6110  101.0560  90.1730  9.9970  4.6880  4.0790  0.3670  2.4660  -17.3820  
244.0000  16.6090  103.2140  90.6230  8.4900  4.6350  3.9450  0.3780  2.4590  -17.6880  
244.1250  16.6090  103.9930  91.7080  8.4900  4.5730  3.8200  0.3950  2.4530  -17.6980  
244.2500  16.6150  103.7880  90.3160  9.1350  4.4800  2.7800  0.4050  2.4490  -17.8060  
244.3750  16.6220  103.3290  86.8760  8.9880  4.3920  3.7710  0.4010  2.4500  -18.0980  
244.5000  16.6100  101.8930  90.5160  7.7040  4.4400  4.0420  0.3860  2.4630  -17.7390  
244.6250  16.5210  99.0410  86.1090  7.9970  4.4430  4.5030  0.3530  2.4770  -17.8230  
244.7500  16.4800  98.1390  85.1810  9.0130  4.3990  4.6360  0.3260  2.4810  -18.0410  
244.8750  16.4760  98.2810  82.8870  9.2490  4.4370  4.2250  0.3090  2.4780  -18.0440  
245.0000  16.4800  99.2670  79.9660  8.6560  4.5680  4.0930  0.2960  2.4700  -17.7500  
245.1250  16.4690  100.8870  79.9320  8.3180  4.7350  3.3790  0.2870  2.4580  -17.3510  
245.2500  16.4690  99.8620  80.4440  10.2590  5.0160  4.0280  0.3010  2.4460  -17.5560  
245.3750  16.4570  99.4760  80.5910  10.4510  5.3450  4.1040  0.3000  2.4470  -17.3840  
245.5000  16.3840  98.8240  82.8290  10.3820  5.4500  4.5290  0.3020  2.4530  -17.1750  
245.6250  16.2410  98.0500  84.8110  10.2100  5.2850  4.1700  0.3040  2.4530  -17.1730  
245.7500  16.0760  97.6200  85.8310  9.7260  4.9580  2.9800  0.3030  2.4410  -17.3650  
245.8750  16.0000  98.1310  88.7710  8.5670  4.7280  2.2460  0.2980  2.4140  -17.3910  
246.0000  16.0000  98.5410  85.8490  9.3510  4.5750  2.5210  0.2920  2.4070  -17.4040  
246.1250  16.0920  97.8910  87.6960  8.8350  4.5310  3.7350  0.2740  2.4180  -17.2840  
246.2500  16.1480  96.3190  88.5280  8.4910  4.6840  4.9770  0.2670  2.4470  -17.1300  
246.3750  16.1610  94.4880  89.0970  9.0040  4.9580  5.2080  0.2650  2.4790  -17.1000  
246.5000  16.1700  93.3350  91.4190  10.1630  5.2030  5.7770  0.2590  2.4960  -17.2440  
246.6250  16.1570  93.9500  89.0090  9.9090  5.3110  4.9160  0.2640  2.4970  -17.0910  
246.7500  16.1560  95.2240  87.1650  9.3660  5.3910  4.1500  0.2720  2.4780  -16.7720  
246.8750  16.1560  96.4130  84.9050  10.3370  5.3750  4.2800  0.2850  2.4690  -16.9230  
247.0000  16.1500  97.8860  82.5920  11.1010  5.2090  4.6640  0.2980  2.4690  -16.9800  
247.1250  16.1170  99.0900  81.4810  10.2380  4.9010  4.3770  0.3050  2.4710  -16.7010  
247.2500  16.0300  98.4870  83.2970  7.5820  4.5330  3.0430  0.3030  2.4590  -16.4170  
247.3750  16.0050  98.1800  84.4250  8.3520  4.3220  2.0520  0.3030  2.4200  -16.6730  
247.5000  16.0000  98.2090  86.9010  8.7540  4.2300  1.7130  0.2930  2.3920  -16.4550  
247.6250  16.0000  98.2500  88.9580  8.2590  4.2150  2.0350  0.2850  2.3790  -16.3750  
247.7500  16.0490  98.2110  90.6660  7.7780  4.3120  3.4150  0.2820  2.3820  -16.5010  
247.8750  16.1670  98.0570  91.9380  8.3240  4.5270  3.6520  0.2830  2.4010  -16.7060  
248.0000  16.2310  97.6470  90.0410  9.5990  4.7150  3.8250  0.2910  2.4230  -16.9110  
248.1250  16.4160  99.1760  89.0650  8.8450  4.6800  4.2220  0.3040  2.4560  -16.9100  
248.2500  16.5430  99.5510  88.0310  8.5380  4.5990  4.0680  0.3240  2.4770  -17.2790  
248.3750  16.6070  99.7600  88.9820  8.7650  4.5410  4.0970  0.3420  2.4840  -17.5050  
248.5000  16.6180  100.3910  91.0330  8.9340  4.5220  4.2100  0.3540  2.4820  -17.5390